128
256
32
64
0
1
2
3
4
5
6
7
8
9
10
11
12
13
14
15
16
17
18
19
20
21
22
23
24
25
26
27
28
29
30
31
32
33
34
35
36
37
38
39
40
41
42
43
44
45
46
47
48
49
50
51
52
53
54
55
56
57
58
59
60
61
62
63
66
0
98
130
95
40
37
91
74
36
63
48
13
42
0
81
0
53
30
92
85
27
1
27
94
71
38
35
64
71
99
30
96
31
10
92
72
47
83
46
35
99
94
0
41
46
33
93
0
64
85
37
43
38
64
37
9
55
24
26
26
23
8
23
7
19
67
79
18
50
25
6
1
72
6
94
70
92
87
70
8
25
8
51
63
24
40
73
79
64
51
58
40
59
33
47
30
0
78
1
2
3
7
4
27
65
98
98
57
38
20
65
63
80
68
26
5
8
51
36
73
2
94
65
14
79
64
44